10,88,63,82,107,72,71,69,99999,67
88,10,20,51,83,54,30,20,99999,18
63,20,10,62,92,64,52,50,98,46
82,51,62,10,86,57,44,36,87,34
107,83,92,86,10,54,40,39,89,38
72,54,64,57,54,10,72,67,104,76
71,30,52,44,40,72,10,101,99999,99999
69,20,50,36,39,67,101,10,92,28
99999,99999,98,87,89,104,99999,92,10,55
67,18,46,34,38,76,99999,28,55,10
