10,85,75,87,99999,110,80,114,76,76
85,10,99999,63,43,98,44,111,29,25
75,99999,10,56,41,86,40,100,20,15
87,63,56,10,83,107,85,132,81,72
99999,43,41,83,10,94,58,108,47,43
110,98,86,107,94,10,99999,100,19,14
80,44,40,85,58,99999,10,105,30,26
114,111,100,132,108,100,105,10,94,85
76,29,20,81,47,19,30,94,10,44
76,25,15,72,43,14,26,85,44,10
