10,99999,51,99999,47,45,45,97,47,72
99999,10,78,100,84,81,80,107,86,99
51,78,10,59,99999,19,23,89,31,57
99999,100,59,10,55,49,99999,105,54,77
47,84,99999,55,10,12,19,83,29,99999
45,81,19,49,12,10,33,94,43,65
45,80,23,99999,19,33,10,122,110,121
97,107,89,105,83,94,122,10,44,64
47,86,31,54,29,43,110,44,10,61
72,99,57,77,99999,65,121,64,61,10
