10,30,99999,32,91,32,62,65,30,48
30,10,161,114,142,115,141,121,117,120
99999,161,10,32,99999,34,68,61,35,52
32,114,32,10,99999,99999,79,74,56,66
91,142,99999,99999,10,99999,84,99999,59,75
32,115,34,99999,99999,10,65,59,18,44
62,141,68,79,84,65,10,62,99999,50
65,121,61,74,99999,59,62,10,92,105
30,117,35,56,59,18,99999,92,10,99999
48,120,52,66,75,44,50,105,99999,10
