10,45,59,71,42,80,86,25,73,50
45,10,88,99,76,99,117,70,98,86
59,88,10,79,99999,84,93,46,85,63
71,99,79,10,83,107,120,78,114,85
42,76,99999,83,10,91,87,41,83,62
80,99,84,107,91,10,103,59,90,78
86,117,93,120,87,103,10,20,79,46
25,70,46,78,41,59,20,10,76,99999
73,98,85,114,83,90,79,76,10,82
50,86,63,85,62,78,46,99999,82,10
