10,49,101,45,75,34,91,39,99999,59
49,10,99999,33,77,13,88,22,27,52
101,99999,10,58,87,47,89,50,48,71
45,33,58,10,79,47,95,49,54,99999
75,77,87,79,10,24,89,99999,99999,99999
34,13,47,47,24,10,85,44,44,58
91,88,89,95,89,85,10,87,88,92
39,22,50,49,99999,44,87,10,59,74
99999,27,48,54,99999,44,88,59,10,74
59,52,71,99999,99999,58,92,74,74,10
