10,156,57,49,64,46,46,156,49,58
156,10,124,120,119,116,112,199,107,116
57,124,10,99999,84,67,99999,99999,68,76
49,120,99999,10,91,68,99999,154,70,75
64,119,84,91,10,99999,61,159,58,72
46,116,67,68,99999,10,30,155,37,48
46,112,99999,99999,61,30,10,162,95,95
156,199,99999,154,159,155,162,10,99999,48
49,107,68,70,58,37,95,99999,10,51
58,116,76,75,72,48,95,48,51,10
