10,79,88,78,99999,81,88,116,82,72
79,10,76,56,130,60,70,93,57,50
88,76,10,41,134,50,72,87,40,40
78,56,41,10,132,36,56,94,32,26
99999,130,134,132,10,99999,82,116,77,75
81,60,50,36,99999,10,93,99999,75,79
88,70,72,56,82,93,10,82,25,17
116,93,87,94,116,99999,82,10,51,50
82,57,40,32,77,75,25,51,10,75
72,50,40,26,75,79,17,50,75,10
