10,30,47,30,124,31,49,35,35,71
30,10,46,25,120,99999,47,30,31,72
47,46,10,44,99999,43,60,44,44,75
30,25,44,10,127,57,66,55,59,99999
124,120,99999,127,10,64,99999,62,63,88
31,99999,43,57,64,10,45,34,36,75
49,47,60,66,99999,45,10,64,59,88
35,30,44,55,62,34,64,10,52,90
35,31,44,59,63,36,59,52,10,99
71,72,75,99999,88,75,88,90,99,10
