10,92,142,65,163,90,55,164,61,62
92,10,125,39,144,78,26,149,29,99999
142,125,10,99999,156,72,16,149,21,21
65,39,99999,10,151,79,38,150,38,36
163,144,156,151,10,99999,15,156,21,20
90,78,72,79,99999,10,99999,160,99999,68
55,26,16,38,15,99999,10,162,78,84
164,149,149,150,156,160,162,10,48,47
61,29,21,38,21,99999,78,48,10,86
62,99999,21,36,20,68,84,47,86,10
