10,108,158,141,168,105,102,106,98,116
108,10,163,149,169,122,122,99999,128,132
158,163,10,117,144,75,83,69,99999,88
141,149,117,10,125,47,45,32,32,60
168,169,144,125,10,84,84,70,73,85
105,122,75,47,84,10,50,38,42,58
102,122,83,45,84,50,10,33,99999,56
106,99999,69,32,70,38,33,10,36,57
98,128,99999,32,73,42,99999,36,10,60
116,132,88,60,85,58,56,57,60,10
