10,40,57,40,146,59,48,28,30,52
40,10,99999,37,135,51,45,16,17,46
57,99999,10,99999,142,99999,57,43,42,99999
40,37,99999,10,174,125,141,99999,122,99999
146,135,142,174,10,112,106,102,102,96
59,51,99999,125,112,10,99999,42,42,60
48,45,57,141,106,99999,10,53,49,64
28,16,43,99999,102,42,53,10,65,73
30,17,42,122,102,42,49,65,10,47
52,46,99999,99999,96,60,64,73,47,10
