10,113,69,99999,67,159,99999,67,71,64
113,10,91,91,77,152,86,80,89,78
69,91,10,99999,52,152,99999,45,62,49
99999,91,99999,10,27,99999,32,20,52,99999
67,77,52,27,10,194,114,99999,137,129
159,152,152,99999,194,10,73,70,89,76
99999,86,99999,32,114,73,10,23,52,32
67,80,45,20,99999,70,23,10,94,89
71,89,62,52,137,89,52,94,10,25
64,78,49,99999,129,76,32,89,25,10
