10,48,19,99999,46,117,87,54,22,68
48,10,65,112,70,134,93,76,64,91
19,65,10,99999,54,99999,80,64,33,75
99999,112,99999,10,66,126,85,66,48,88
46,70,54,66,10,119,83,67,99999,85
117,134,99999,126,119,10,89,66,51,82
87,93,80,85,83,89,10,70,55,79
54,76,64,66,67,66,70,10,23,76
22,64,33,48,99999,51,55,23,10,89
68,91,75,88,85,82,79,76,89,10
