10,99999,46,66,51,34,54,63,60,74
99999,10,47,63,54,32,54,62,60,72
46,47,10,91,92,78,84,99999,97,99999
66,63,91,10,114,99,113,108,106,112
51,54,92,114,10,57,70,74,99999,90
34,32,78,99,57,10,57,68,62,74
54,54,84,113,70,57,10,83,85,95
63,62,99999,108,74,68,83,10,71,92
60,60,97,106,99999,62,85,71,10,78
74,72,99999,112,90,74,95,92,78,10
