10,69,77,67,87,66,60,99999,58,82
69,10,55,28,63,22,28,15,26,56
77,55,10,39,72,35,99999,34,37,69
67,28,39,10,165,138,143,155,144,166
87,63,72,165,10,46,46,44,51,74
66,22,35,138,46,10,60,61,62,83
60,28,99999,143,46,60,10,12,26,57
99999,15,34,155,44,61,12,10,39,99999
58,26,37,144,51,62,26,39,10,169
82,56,69,166,74,83,57,99999,169,10
