10,62,42,37,23,31,19,190,19,11
62,10,46,41,32,39,30,182,99999,27
42,46,10,72,62,67,58,186,64,61
37,41,72,10,99999,32,18,200,99999,11
23,32,62,99999,10,67,57,181,58,58
31,39,67,32,67,10,157,257,154,164
19,30,58,18,57,157,10,208,54,54
190,182,186,200,181,257,208,10,57,58
19,99999,64,99999,58,154,54,57,10,119
11,27,61,11,58,164,54,58,119,10
