10,107,99999,52,42,49,40,94,73,36
107,10,43,47,39,43,36,92,99999,29
99999,43,10,77,99999,77,70,122,88,74
52,47,77,10,110,115,107,128,127,109
42,39,99999,110,10,88,90,121,98,88
49,43,77,115,88,10,40,100,77,34
40,36,70,107,90,40,10,130,106,99999
94,92,122,128,121,100,130,10,72,30
73,99999,88,127,98,77,106,72,10,103
36,29,74,109,88,34,99999,30,103,10
