10,41,33,45,40,117,31,54,47,56
41,10,28,43,99999,119,26,99999,43,51
33,28,10,138,136,178,99999,151,99999,165
45,43,138,10,127,99999,110,99999,120,124
40,99999,136,127,10,136,53,74,60,99999
117,119,178,99999,136,10,99999,55,42,58
31,26,99999,110,53,99999,10,48,39,52
54,99999,151,99999,74,55,48,10,99999,88
47,43,99999,120,60,42,39,99999,10,133
56,51,165,124,99999,58,52,88,133,10
