10,141,167,80,84,99999,149,121,99999,123
141,10,145,51,47,56,138,98,81,107
167,145,10,60,99999,61,134,99999,99999,105
80,51,60,10,63,66,149,115,89,110
84,47,99999,63,10,82,136,119,99,124
99999,56,61,66,82,10,138,102,88,112
149,138,134,149,136,138,10,122,118,129
121,98,99999,115,119,102,122,10,91,99999
99999,81,99999,89,99,88,118,91,10,99
123,107,105,110,124,112,129,99999,99,10
