10,91,135,135,85,80,111,88,107,81
91,10,132,138,98,89,105,92,107,82
135,132,10,114,46,21,78,16,99999,19
135,138,114,10,84,72,99999,69,83,71
85,98,46,84,10,33,83,33,99999,32
80,89,21,72,33,10,129,121,129,126
111,105,78,99999,83,129,10,99,105,99
88,92,16,69,33,121,99,10,99999,29
107,107,99999,83,99999,129,105,99999,10,47
81,82,19,71,32,126,99,29,47,10
