10,56,99999,58,78,61,60,56,145,111
56,10,45,37,64,44,45,43,154,99999
99999,45,10,99999,54,27,33,24,148,106
58,37,99999,10,53,26,99999,24,140,91
78,64,54,53,10,99999,99999,41,141,108
61,44,27,26,99999,10,31,25,161,103
60,45,33,99999,99999,31,10,31,148,105
56,43,24,24,41,25,31,10,159,93
145,154,148,140,141,161,148,159,10,93
111,99999,106,91,108,103,105,93,93,10
