10,77,86,99999,89,78,99999,93,74,76
77,10,57,107,65,51,102,71,44,50
86,57,10,114,78,68,107,86,99999,60
99999,107,114,10,63,50,90,77,41,43
89,65,78,63,10,99999,91,69,24,99999
78,51,68,50,99999,10,93,63,14,25
99999,102,107,90,91,93,10,99999,99999,120
93,71,86,77,69,63,99999,10,90,99999
74,44,99999,41,24,14,99999,90,10,93
76,50,60,43,99999,25,120,99999,93,10
