10,115,144,116,128,135,125,144,132,122
115,10,101,70,67,83,74,99,85,98
144,101,10,74,69,81,70,92,90,96
116,70,74,10,53,67,99999,96,78,99999
128,67,69,53,10,82,76,101,86,88
135,83,81,67,82,10,89,110,98,106
125,74,70,99999,76,89,10,127,103,99999
144,99,92,96,101,110,127,10,99999,100
132,85,90,78,86,98,103,99999,10,170
122,98,96,99999,88,106,99999,100,170,10
