10,80,78,61,60,76,99999,99999,220,69
80,10,75,61,59,83,50,107,195,67
78,75,10,133,133,148,99999,165,223,135
61,61,133,10,33,62,16,102,205,47
60,59,133,33,10,87,61,114,196,72
76,83,148,62,87,10,59,99999,214,99999
99999,50,99999,16,61,59,10,112,199,57
99999,107,165,102,114,99999,112,10,189,55
220,195,223,205,196,214,199,189,10,98
69,67,135,47,72,99999,57,55,98,10
