10,48,24,66,52,24,32,115,59,38
48,10,35,78,62,99999,43,99999,70,46
24,35,10,99999,53,30,36,116,66,40
66,78,99999,10,56,19,30,111,61,36
52,62,53,56,10,19,29,99999,62,35
24,99999,30,19,19,10,29,103,62,99999
32,43,36,30,29,29,10,121,78,63
115,99999,116,111,99999,103,121,10,123,111
59,70,66,61,62,62,78,123,10,34
38,46,40,36,35,99999,63,111,34,10
