10,81,136,74,64,99999,99999,65,79,81
81,10,119,57,13,95,99999,21,51,65
136,119,10,64,40,97,52,43,63,67
74,57,64,10,41,95,49,39,61,75
64,13,40,41,10,94,40,24,49,61
99999,95,97,95,94,10,41,25,52,64
99999,99999,52,49,40,41,10,93,98,107
65,21,43,39,24,25,93,10,70,86
79,51,63,61,49,52,98,70,10,99999
81,65,67,75,61,64,107,86,99999,10
