10,86,55,19,63,96,11,118,99999,99999
86,10,51,20,62,87,15,112,20,18
55,51,10,22,57,88,18,114,24,20
19,20,22,10,58,99999,99999,119,27,26
63,62,57,58,10,96,24,127,26,23
96,87,88,99999,96,10,25,112,27,26
11,15,18,99999,24,25,10,141,53,52
118,112,114,119,127,112,141,10,90,99999
99999,20,24,27,26,27,53,90,10,19
99999,18,20,26,23,26,52,99999,19,10
