10,84,99999,39,80,52,45,99999,124,34
84,10,70,76,105,80,73,77,134,71
99999,70,10,62,90,68,59,57,139,56
39,76,62,10,122,99999,116,114,175,99
80,105,90,122,10,126,131,131,171,133
52,80,68,99999,126,10,67,64,141,74
45,73,59,116,131,67,10,44,126,46
99999,77,57,114,131,64,44,10,181,126
124,134,139,175,171,141,126,181,10,99999
34,71,56,99,133,74,46,126,99999,10
