10,104,86,99999,93,92,108,82,121,99999
104,10,99999,82,82,93,92,78,118,88
86,99999,10,56,41,66,71,99999,99999,73
99999,82,56,10,89,95,99,74,106,95
93,82,41,89,10,74,88,52,101,77
92,93,66,95,74,10,78,99999,97,73
108,92,71,99,88,78,10,99999,105,92
82,78,99999,74,52,99999,99999,10,158,135
121,118,99999,106,101,97,105,158,10,104
99999,88,73,95,77,73,92,135,104,10
