10,34,99999,99999,59,35,43,152,50,34
34,10,63,55,55,39,47,149,60,41
99999,63,10,48,50,28,38,153,54,28
99999,55,48,10,55,32,38,152,49,33
59,55,50,55,10,92,111,177,107,96
35,39,28,32,92,10,48,157,63,46
43,47,38,38,111,48,10,155,100,87
152,149,153,152,177,157,155,10,99999,86
50,60,54,49,107,63,100,99999,10,146
34,41,28,33,96,46,87,86,146,10
