10,55,38,39,68,25,78,61,48,40
55,10,99999,117,117,110,137,134,112,124
38,99999,10,38,65,26,99999,55,44,42
39,117,38,10,99999,66,108,84,83,73
68,117,65,99999,10,28,99999,55,44,43
25,110,26,66,28,10,98,78,66,67
78,137,99999,108,99999,98,10,99999,117,101
61,134,55,84,55,78,99999,10,93,99999
48,112,44,83,44,66,117,93,10,41
40,124,42,73,43,67,101,99999,41,10
