10,101,99999,88,97,94,90,87,110,93
101,10,58,51,48,62,57,48,68,63
99999,58,10,76,70,86,85,73,90,86
88,51,76,10,116,119,116,108,114,99999
97,48,70,116,10,78,71,61,84,99999
94,62,86,119,78,10,85,78,99999,78
90,57,85,116,71,85,10,55,99999,63
87,48,73,108,61,78,55,10,134,119
110,68,90,114,84,99999,99999,134,10,62
93,63,86,99999,99999,78,63,119,62,10
