10,87,86,82,40,40,105,40,67,69
87,10,99999,116,99999,86,119,90,106,99999
86,99999,10,97,63,64,120,67,82,83
82,116,97,10,33,38,105,33,61,99999
40,99999,63,33,10,99999,94,38,68,66
40,86,64,38,99999,10,99999,51,75,74
105,119,120,105,94,99999,10,21,65,60
40,90,67,33,38,51,21,10,64,64
67,106,82,61,68,75,65,64,10,83
69,99999,83,99999,66,74,60,64,83,10
