10,29,26,117,28,64,27,99999,42,28
29,10,30,116,30,64,31,64,40,30
26,30,10,129,72,99999,72,84,83,71
117,116,129,10,27,65,26,59,39,23
28,30,72,27,10,71,99999,67,56,50
64,64,99999,65,71,10,99999,99999,47,34
27,31,72,26,99999,99999,10,119,104,105
99999,64,84,59,67,99999,119,10,42,34
42,40,83,39,56,47,104,42,10,53
28,30,71,23,50,34,105,34,53,10
