10,38,35,66,68,56,65,33,150,76
38,10,99999,107,99999,99999,112,98,163,111
35,99999,10,64,99999,53,60,32,140,71
66,107,64,10,77,65,70,45,146,71
68,99999,99999,77,10,101,92,86,163,103
56,99999,53,65,101,10,103,79,151,100
65,112,60,70,92,103,10,109,179,99999
33,98,32,45,86,79,109,10,140,81
150,163,140,146,163,151,179,140,10,62
76,111,71,71,103,100,99999,81,62,10
