10,140,145,163,155,99999,140,145,150,131
140,10,45,87,85,160,22,51,99999,99999
145,45,10,85,84,168,34,54,99999,37
163,87,85,10,85,169,21,47,25,22
155,85,84,85,10,156,99999,79,68,68
99999,160,168,169,156,10,20,50,99999,22
140,22,34,21,99999,20,10,91,81,75
145,51,54,47,79,50,91,10,91,80
150,99999,99999,25,68,99999,81,91,10,26
131,99999,37,22,68,22,75,80,26,10
