10,42,85,49,42,31,106,41,30,26
42,10,142,126,120,122,99999,133,118,122
85,142,10,47,37,99999,110,31,18,13
49,126,47,10,56,99999,110,55,50,48
42,120,37,56,10,85,138,95,99999,88
31,122,99999,99999,85,10,125,43,40,39
106,99999,110,110,138,125,10,58,48,47
41,133,31,55,95,43,58,10,47,44
30,118,18,50,99999,40,48,47,10,56
26,122,13,48,88,39,47,44,56,10
