10,76,99999,68,61,75,64,80,65,64
76,10,99999,109,124,128,118,120,127,113
99999,99999,10,97,96,99,104,111,92,99999
68,109,97,10,44,55,44,99999,43,44
61,124,96,44,10,84,99999,81,74,74
75,128,99,55,84,10,51,59,52,49
64,118,104,44,99999,51,10,46,33,99999
80,120,111,99999,81,59,46,10,30,26
65,127,92,43,74,52,33,30,10,43
64,113,99999,44,74,49,99999,26,43,10
