10,116,99999,78,60,79,99999,60,119,87
116,10,78,99999,77,95,73,69,114,98
99999,78,10,55,39,54,30,27,98,70
78,99999,55,10,115,112,115,120,140,99999
60,77,39,115,10,99999,27,21,105,67
79,95,54,112,99999,10,94,100,145,109
99999,73,30,115,27,94,10,23,108,73
60,69,27,120,21,100,23,10,101,84
119,114,98,140,105,145,108,101,10,92
87,98,70,99999,67,109,73,84,92,10
