10,38,35,97,87,35,43,82,48,41
38,10,19,93,81,13,32,81,38,24
35,19,10,125,108,67,77,109,75,73
97,93,125,10,108,74,99999,117,88,83
87,81,108,108,10,99999,99999,89,63,63
35,13,67,74,99999,10,74,96,77,72
43,32,77,99999,99999,74,10,86,53,43
82,81,109,117,89,96,86,10,45,31
48,38,75,88,63,77,53,45,10,67
41,24,73,83,63,72,43,31,67,10
