10,89,93,71,47,80,71,54,63,62
89,10,108,102,80,100,94,93,91,82
93,108,10,99999,14,68,57,35,99999,39
71,102,99999,10,99999,84,84,65,74,66
47,80,14,99999,10,70,58,36,46,40
80,100,68,84,70,10,66,54,59,58
71,94,57,84,58,66,10,47,64,56
54,93,35,65,36,54,47,10,95,83
63,91,99999,74,46,59,64,95,10,54
62,82,39,66,40,58,56,83,54,10
