10,47,103,61,73,59,53,55,82,69
47,10,140,145,99999,127,136,130,154,129
103,140,10,92,98,78,80,83,111,93
61,145,92,10,89,79,81,99999,114,99999
73,99999,98,89,10,47,42,50,80,62
59,127,78,79,47,10,47,47,84,62
53,136,80,81,42,47,10,85,110,99
55,130,83,99999,50,47,85,10,82,58
82,154,111,114,80,84,110,82,10,62
69,129,93,99999,62,62,99,58,62,10
