10,82,99999,98,67,45,80,43,45,88
82,10,82,122,93,71,91,68,78,103
99999,82,10,103,69,59,77,99999,57,99
98,122,103,10,58,36,68,33,35,84
67,93,69,58,10,99999,102,92,87,121
45,71,59,36,99999,10,69,17,18,86
80,91,77,68,102,69,10,43,45,84
43,68,99999,33,92,17,43,10,79,109
45,78,57,35,87,18,45,79,10,88
88,103,99,84,121,86,84,109,88,10
