10,74,162,79,78,71,72,109,99,99999
74,10,181,83,90,82,78,107,99,99
162,181,10,50,64,49,49,92,74,66
79,83,50,10,63,52,53,95,74,67
78,90,64,63,10,55,52,99999,77,68
71,82,49,52,55,10,54,88,74,75
72,78,49,53,52,54,10,87,70,99999
109,107,92,95,99999,88,87,10,67,63
99,99,74,74,77,74,70,67,10,61
99999,99,66,67,68,75,99999,63,61,10
